<?xml version="1.0" encoding="UTF-8" standalone="no"?>
<!DOCTYPE svg PUBLIC "-//W3C//DTD SVG 20010904//EN"
              "http://www.w3.org/TR/2001/REC-SVG-20010904/DTD/svg10.dtd">

<svg xmlns="http://www.w3.org/2000/svg"
     width="2.91in" height="1.16in"
     viewBox="0 0 291 116">
  <path id="Selection"
        fill="none" stroke="black" stroke-width="1"
        d="M 178.91,64.00
           C 166.29,77.70 140.16,93.78 121.00,94.00
             121.00,94.00 106.01,93.07 106.01,93.07
             106.01,93.07 93.00,104.51 93.00,104.51
             83.47,111.45 72.74,114.98 61.00,115.00
             53.47,115.01 49.43,115.23 42.00,112.96
             16.23,105.09 1.70,82.29 2.00,56.00
             2.53,10.62 55.72,-14.03 92.00,11.44
             98.71,16.15 103.36,20.59 107.00,28.00
             126.79,17.74 164.63,9.62 182.82,26.47
             185.58,29.03 187.08,31.83 189.00,35.00
             193.78,27.97 197.94,38.29 191.89,38.04
             190.42,37.98 189.73,37.31 189.00,37.00
             191.35,47.02 185.52,56.83 178.91,64.00 Z
           M 113.15,76.00
           C 111.39,81.13 111.26,85.80 118.00,86.74
             121.46,87.21 127.68,85.15 131.00,83.95
             141.42,80.16 152.74,73.21 161.00,65.83
             169.12,58.58 182.55,45.26 178.30,33.01
             176.46,27.71 171.17,24.87 166.00,23.68
             157.83,21.79 134.44,23.20 127.00,27.00
             129.08,28.50 131.63,30.13 133.07,32.30
             135.05,35.29 135.92,46.14 136.00,50.00
             136.00,50.00 164.00,40.00 164.00,40.00
             159.93,46.55 142.04,48.79 137.99,54.63
             136.16,57.29 138.51,70.29 139.00,74.00
             131.02,69.89 129.72,67.79 129.00,59.00
             121.11,63.54 116.16,67.19 113.15,76.00 Z
           M 126.85,53.67
           C 128.70,50.81 127.16,41.60 126.85,38.00
             126.44,35.78 126.16,29.30 124.40,28.11
             122.07,26.53 111.92,30.15 109.00,31.00
             114.40,43.56 116.00,47.02 116.00,61.00
             118.98,59.57 125.30,56.45 126.85,53.67 Z
           M 206.00,76.56
           C 221.30,71.98 221.86,55.56 224.79,42.00
             225.65,38.00 227.00,30.27 230.39,27.76
             236.80,23.00 241.75,35.60 243.00,40.00
             260.39,30.70 268.46,26.02 289.00,26.00
             289.00,26.00 289.00,29.00 289.00,29.00
             278.06,29.01 266.94,31.22 257.00,35.89
             254.23,37.19 248.27,40.33 246.99,43.10
             245.70,45.89 248.11,50.40 249.31,53.00
             252.51,59.99 258.91,74.23 268.00,73.76
             277.88,73.26 280.85,64.44 287.00,61.00
             284.81,71.77 270.32,81.57 260.09,74.85
             253.26,70.37 245.15,52.96 243.00,45.00
             243.00,45.00 233.46,55.00 233.46,55.00
             233.46,55.00 224.55,67.00 224.55,67.00
             214.31,79.86 202.97,88.63 186.00,89.00
             186.00,89.00 186.00,86.00 186.00,86.00
             194.35,85.82 198.80,84.08 206.00,80.00
             206.00,80.00 193.00,81.00 193.00,81.00
             193.00,81.00 193.00,78.00 193.00,78.00
             198.26,78.00 200.81,78.12 206.00,76.56 Z
           M 234.09,50.00
           C 236.01,47.91 239.59,44.79 240.19,42.00
             241.24,37.12 235.95,30.98 232.00,29.00
             228.21,36.43 224.77,54.18 223.00,63.00
             227.38,59.29 230.20,54.23 234.09,50.00 Z
           M 219.17,31.60
           C 220.94,30.87 224.05,31.01 226.00,31.00
             226.00,31.00 214.45,51.00 214.45,51.00
             214.45,51.00 209.00,72.00 209.00,72.00
             209.00,72.00 197.00,49.00 197.00,49.00
             197.00,49.00 198.00,73.00 198.00,73.00
             198.00,73.00 191.00,73.00 191.00,73.00
             191.00,73.00 190.00,47.00 190.00,47.00
             190.00,47.00 197.00,48.00 197.00,48.00
             197.00,48.00 196.00,45.00 196.00,45.00
             202.61,45.21 202.40,46.56 206.00,52.00
             208.31,46.21 213.15,34.06 219.17,31.60 Z" />
</svg>
